To run use:
make; valgrind --leak-check=full ./huff < Huffman.txt

Output:
e: 000
r: 0010
k: 001100
w: 001101
c: 00111
n: 0100
i: 0101
y: 011000
/: 011001000
?: 011001001
C: 01100101000
D: 01100101001
J: 01100101010
L: 01100101011
2: 011001011
I: 0110011
d: 01101
s: 0111
o: 1000
a: 1001
t: 1010
v: 1011000
x: 10110010
S: 1011001100
:: 1011001101
O: 1011001110
R: 1011001111
b: 1011010
': 10110110
j: 101101110
N: 10110111100
P: 10110111101
q: 1011011111
f: 101110

: 101111
h: 11000
p: 1100100
.: 1100101
-: 11001100
T: 110011010
8: 110011011000
9: 110011011001
M: 11001101101
$: 11001101110
Y: 11001101111
g: 1100111
m: 110100
W: 110101000000
A: 110101000001
G: 110101000010
4: 110101000011
!: 11010100010
F: 11010100011
B: 11010100100
1: 11010100101
3: 11010100110
H: 11010100111
": 1101010100
5: 110101010100
K: 110101010101
6: 110101010110
7: 110101010111
0: 110101011
,: 1101011
u: 110110
l: 110111
 : 111
Old Size: 24736
Compressed Size: 14012
Compression Ratio: 56.646183%
zip ratio: 0.51778783958%